
# 2 Sigmoid

('Epoch ', 38717)
[0.37643427, 0.78915447, 0.50008482, 0.29321814]
[0.37641209, 0.78916138, 0.50012487, 0.2931931]
[0.37638989, 0.78916824, 0.50016487, 0.29316798]
[0.37636775, 0.78917515, 0.50020498, 0.293143]
[0.3763456, 0.78918195, 0.50024503, 0.29311791]
[0.37632346, 0.78918886, 0.50028527, 0.29309282]
[0.37630117, 0.78919572, 0.50032538, 0.29306772]
[0.37627909, 0.78920257, 0.5003655, 0.29304269]
[0.37647855, 0.78914076, 0.50000471, 0.29326835]
[0.37645635, 0.78914768, 0.5000447, 0.29324329]
('Elapsed time ', 75.639905)

('Epoch ', 54743)
[0.35076699, 0.5002923, 0.77630341, 0.32950714]
[0.35075057, 0.50033456, 0.77631277, 0.32947505]
[0.35073408, 0.50037676, 0.77632207, 0.32944286]
[0.35071766, 0.50041902, 0.77633137, 0.32941073]
[0.35086569, 0.5000391, 0.77624744, 0.32969978]
[0.35084927, 0.50008136, 0.7762568, 0.32966775]
[0.35083282, 0.50012356, 0.77626604, 0.32963559]
[0.35081634, 0.5001657, 0.7762754, 0.32960346]
[0.35079989, 0.5002079, 0.77628469, 0.32957137]
[0.35078338, 0.50024998, 0.77629405, 0.32953924]
('Elapsed time ', 106.99186)

('Epoch ', 57800)
[0.33928785, 0.50045216, 0.86403871, 0.33604333]
[0.33941081, 0.50004315, 0.86398381, 0.33630833]
[0.33939716, 0.50008851, 0.86398995, 0.33627886]
[0.33938351, 0.50013393, 0.86399597, 0.33624941]
[0.33936986, 0.50017935, 0.86400205, 0.33622]
[0.33935618, 0.50022483, 0.86400819, 0.33619055]
[0.33934253, 0.50027025, 0.86401433, 0.33616114]
[0.33932889, 0.50031567, 0.86402041, 0.33613172]
[0.33931524, 0.5003612, 0.86402643, 0.33610225]
[0.33930153, 0.50040668, 0.86403257, 0.3360728]
('Elapsed time ', 99.568769)

# ReLU + Sigmoid

('Epoch ', 367)
[0.25626758, 0.50911671, 0.96700233, 0.39472261]
[0.254756, 0.51140815, 0.9675945, 0.39091292]
[0.25357434, 0.51675677, 0.96816921, 0.38981456]
[0.25298584, 0.52210456, 0.96871805, 0.38850445]
[0.25111574, 0.52435982, 0.96924198, 0.3840498]
[0.24990693, 0.52996302, 0.96975327, 0.38256267]
[0.24950629, 0.53555828, 0.97024238, 0.3808535]
[0.24740024, 0.53779089, 0.9707098, 0.37575826]
[0.25908822, 0.50178087, 0.96574032, 0.39911413]
[0.25713882, 0.50399423, 0.96638119, 0.39562741]
('Elapsed time ', 0.7893430000000001)

('Epoch ', 53)
[0.49823996, 0.54501277, 0.53891432, 0.44372919]
[0.49790472, 0.53678191, 0.53284883, 0.42548129]
[0.49827486, 0.5448404, 0.53984642, 0.43281499]
[0.49807128, 0.5456844, 0.53566927, 0.42647484]
[0.49969214, 0.53448927, 0.53553879, 0.44778347]
[0.4994649, 0.5399043, 0.5386278, 0.45205858]
[0.49907398, 0.53979856, 0.53581697, 0.44544047]
[0.49881217, 0.54434806, 0.53839868, 0.44984496]
[0.49840331, 0.53464776, 0.53070092, 0.43230513]
[0.49845496, 0.54169524, 0.53774595, 0.43859664]
('Elapsed time ', 0.19726299999999997)

('Epoch ', 759)
[0.48181385, 0.6182515, 0.50032586, 0.37738937]
[0.48120952, 0.61912322, 0.50074506, 0.3765381]
[0.48059732, 0.62000394, 0.50117075, 0.37567824]
[0.47997677, 0.62089318, 0.50160277, 0.37480962]
[0.47934815, 0.62179166, 0.5020414, 0.37393233]
[0.47871113, 0.62269896, 0.50248659, 0.37304601]
[0.47806573, 0.62361538, 0.50293845, 0.37215078]
[0.47741172, 0.62454093, 0.50339711, 0.37124643]
[0.47674921, 0.62547618, 0.50386268, 0.37033311]
[0.47607794, 0.62642038, 0.50433517, 0.36941049]
('Elapsed time ', 1.6814350000000005)

('Epoch ', 1850)
[0.49707931, 0.60067952, 0.50988358, 0.41022038]
[0.49993497, 0.59479719, 0.50638866, 0.41563159]
[0.49963713, 0.59542578, 0.5067544, 0.41505319]
[0.49933463, 0.59606051, 0.50712562, 0.4144693]
[0.49902737, 0.59670132, 0.50750244, 0.41387975]
[0.49871528, 0.59734845, 0.50788492, 0.41328448]
[0.49839815, 0.59800178, 0.50827301, 0.41268346]
[0.49807608, 0.59866148, 0.50866675, 0.41207659]
[0.497749, 0.59932756, 0.50906646, 0.41146383]
[0.49741673, 0.60000032, 0.50947213, 0.41084516]
('Elapsed time ', 3.4830500000000004)